
72672 RIW Riverton Observations at 00Z 13 Dec 2019

-----------------------------------------------------------------------------
   PRES   HGHT   TEMP   DWPT   RELH   MIXR   DRCT   SKNT   THTA   THTE   THTV
    hPa     m      C      C      %    g/kg    deg   knot     K      K      K 
-----------------------------------------------------------------------------
 1000.0    128                                                               
  925.0    766                                                               
  850.0   1450                                                               
  824.0   1703    1.6   -5.4     60   3.12    260      4  290.4  299.7  290.9
  820.0   1742    2.0   -8.0     48   2.56    261      5  291.2  299.0  291.6
  808.0   1861    4.4   -7.6     41   2.68    264      7  295.0  303.2  295.5
  785.0   2095    3.8   -7.2     44   2.85    269     10  296.8  305.6  297.3
  781.2   2134    3.5   -7.4     45   2.82    270     11  296.9  305.6  297.4
  752.0   2438    1.0   -8.9     48   2.61    255     13  297.4  305.5  297.9
  723.9   2743   -1.5  -10.4     51   2.41    260     18  297.9  305.5  298.4
  700.0   3011   -3.7  -11.7     54   2.24    270     26  298.4  305.4  298.8
  644.2   3658   -9.0  -15.0     62   1.86    285     28  299.5  305.4  299.8
  618.0   3982  -11.7  -16.7     66   1.68    288     36  300.0  305.4  300.3
  607.0   4120  -12.7  -17.5     67   1.60    289     39  300.4  305.6  300.7
  595.4   4267  -13.6  -20.1     58   1.30    290     43  301.1  305.4  301.3
  580.0   4466  -14.7  -23.7     46   0.98    290     45  302.0  305.3  302.1
  549.0   4877  -18.5  -26.3     50   0.82    290     50  302.3  305.1  302.4
  530.0   5142  -20.9  -27.9     53   0.73    288     52  302.4  304.9  302.6
  523.0   5240  -21.5  -29.5     48   0.64    287     53  302.9  305.1  303.0
  500.0   5570  -24.3  -31.3     52   0.56    285     56  303.4  305.3  303.5
  473.0   5969  -28.1  -32.1     69   0.55    281     53  303.5  305.4  303.6
  464.6   6096  -29.0  -33.7     64   0.48    280     52  303.9  305.6  304.0
  449.0   6339  -30.7  -36.7     56   0.37    280     64  304.8  306.1  304.8
  445.1   6401  -30.7  -37.7     50   0.34    280     67  305.5  306.8  305.6
  441.0   6466  -30.7  -38.7     45   0.31    280     67  306.4  307.5  306.4
  432.0   6611  -31.1  -52.1     11   0.07    281     67  307.6  307.9  307.7
  420.0   6809  -31.9  -71.9      1   0.01    283     66  309.1  309.1  309.1
  400.0   7150  -34.9  -67.9      2   0.01    285     66  309.6  309.6  309.6
  373.2   7620  -38.9  -66.5      4   0.01    280     64  310.4  310.5  310.4
  317.0   8728  -48.3  -63.3     16   0.02    287     68  312.2  312.3  312.2
  302.0   9046  -48.9  -65.9     12   0.02    290     69  315.7  315.8  315.7
  300.0   9090  -49.1  -66.1     12   0.02    290     69  316.0  316.1  316.0
  297.5   9144  -49.5  -66.6     12   0.02    290     68  316.3  316.4  316.3
  285.0   9426  -51.3  -69.3     10   0.01    290     63  317.6  317.6  317.6
  284.0   9449  -51.3  -69.5     10   0.01    290     63  317.9  317.9  317.9
  261.0  10000  -51.5  -73.5      6   0.01    295     83  325.3  325.4  325.3
  258.7  10058  -51.7  -74.3      5   0.01    295     85  325.9  326.0  325.9
  250.0  10280  -52.3  -77.3      3   0.00    295     85  328.2  328.2  328.2
  235.3  10668  -54.1  -79.6      3   0.00    295     76  331.2  331.2  331.2
  220.0  11097  -56.1  -82.1      2   0.00    295     89  334.5  334.5  334.5
  206.0  11513  -56.1  -83.1      2   0.00    286     92  340.9  340.9  340.9
  203.8  11582  -56.3  -83.3      2   0.00    285     92  341.6  341.6  341.6
  202.0  11637  -56.5  -83.5      2   0.00    285     92  342.2  342.2  342.2
  200.0  11700  -56.7  -83.7      2   0.00    285     91  342.8  342.8  342.8
  189.0  12057  -58.1  -85.1      2   0.00    286     88  346.1  346.2  346.1
  180.0  12365  -57.3  -85.3      2   0.00    287     85  352.3  352.3  352.3
  165.0  12920  -53.7  -86.7      1   0.00    288     80  367.2  367.2  367.2
  151.0  13488  -55.3  -87.3      1   0.00    290     74  373.9  373.9  373.9
  150.0  13530  -55.1  -87.1      1   0.00    290     74  374.9  374.9  374.9
  142.0  13880  -54.9  -86.9      1   0.00    288     69  381.2  381.2  381.2
  134.0  14250  -56.7  -88.7      1   0.00    287     63  384.4  384.4  384.4
  128.0  14541  -56.5  -88.5      1   0.00    285     58  389.8  389.8  389.8
  126.2  14630  -56.8  -88.8      1   0.00    285     57  390.8  390.8  390.8
  120.3  14935  -57.9  -89.8      1   0.00    285     71  394.3  394.3  394.3
  120.0  14949  -57.9  -89.9      1   0.00    285     71  394.5  394.5  394.5
  118.0  15055  -57.3  -89.3      1   0.00    287     70  397.5  397.5  397.5
  114.6  15240  -57.8  -89.8      1   0.00    290     68  399.8  399.8  399.8
  113.0  15329  -58.1  -90.1      1   0.00    290     67  400.9  401.0  400.9
  109.2  15545  -57.5  -89.5      1   0.00    290     66  406.0  406.0  406.0
  109.0  15556  -57.5  -89.5      1   0.00    290     66  406.2  406.2  406.2
  102.0  15975  -58.5  -89.5      1   0.00    294     52  412.1  412.1  412.1
  100.0  16100  -56.9  -88.9      1   0.00    295     48  417.5  417.5  417.5

Station information and sounding indices

                         Station identifier: RIW
                             Station number: 72672
                           Observation time: 191213/0000
                           Station latitude: 43.06
                          Station longitude: -108.48
                          Station elevation: 1703.0
                               Lifted index: 2.34
    LIFT computed using virtual temperature: 2.29
      Convective Available Potential Energy: 0.00
             CAPE using virtual temperature: 0.00
                      Convective Inhibition: 0.00
             CINS using virtual temperature: 0.00
                     Bulk Richardson Number: 0.00
          Bulk Richardson Number using CAPV: 0.00
  Temp [K] of the Lifted Condensation Level: 263.49
Pres [hPa] of the Lifted Condensation Level: 673.58
     Mean mixed layer potential temperature: 295.01
              Mean mixed layer mixing ratio: 2.75
              1000 hPa to 500 hPa thickness: 5442.00
Precipitable water [mm] for entire sounding: 6.43

Description of the data columns or sounding indices.

Interested in graduate studies in atmospheric science? Check out our program at the University of Wyoming Questions about the weather data provided by this site can be addressed to Larry Oolman (ldoolman@uwyo.edu) 
